0A:0|0|0|0|
0B:0|0|0|0|
0C:0|0|0|0|
0D:0|0|0|0|
0E:0|0|0|0|
0F:0|0|0|0|
0G:0|0|0|0|
0H:0|0|0|0|
0I:0|0|0|0|
0J:0|0|0|0|
0K:0|0|0|0|
0L:0|0|0|0|
0M:0|0|0|0|
0N:0|0|0|0|
1A:0|0|0|0|
1B:0|0|0|0|
1C:0|0|0|0|
1D:0|0|0|0|
1E:0|0|0|0|
1F:0|0|0|0|
1G:0|0|0|0|
1H:0|0|0|0|
1I:0|0|0|0|
1J:0|0|0|0|
1K:0|0|0|0|
1L:0|0|0|0|
1M:0|0|0|0|
1N:0|0|0|0|
2A:0|0|0|0|
2B:0|0|0|0|
2C:0|0|0|0|
2D:0|0|0|0|
2E:0|0|0|0|
2F:0|0|0|0|
2G:0|0|0|0|
2H:0|0|0|0|
2I:0|0|0|0|
2J:0|0|0|0|
2K:0|0|0|0|
2L:0|0|0|0|
2M:0|0|0|0|
2N:0|0|0|0|
3A:0|0|0|0|
3B:0|0|0|0|
3C:0|0|0|0|
3D:0|0|0|0|
3E:0|0|0|0|
3F:0|0|0|0|
3G:0|0|0|0|
3H:0|0|0|0|
3I:0|0|0|0|
3J:0|0|0|0|
3K:0|0|0|0|
3L:0|0|0|0|
3M:0|0|0|0|
3N:0|0|0|0|
4A:0|0|0|0|
4B:0|0|0|0|
4C:0|0|0|0|
4D:0|0|0|0|
4E:0|0|0|0|
4F:0|0|0|0|
4G:0|0|0|0|
4H:0|0|0|0|
4I:0|0|0|0|
4J:0|0|0|0|
4K:0|0|0|0|
4L:0|0|0|0|
4M:0|0|0|0|
4N:0|0|0|0|
5A:0|0|0|0|
5B:0|0|0|0|
5C:0|0|0|0|
5D:0|0|0|0|
5E:0|0|0|0|
5F:0|0|0|0|
5G:0|0|0|0|
5H:0|0|0|0|
5I:0|0|0|0|
5J:0|0|0|0|
5K:0|0|0|0|
5L:0|0|0|0|
5M:0|0|0|0|
5N:0|0|0|0|
6A:0|0|0|0|
6B:0|0|0|0|
6C:0|0|0|0|
6D:0|0|0|0|
6E:0|0|0|0|
6F:0|0|0|0|
6G:0|0|0|0|
6H:0|0|0|0|
6I:0|0|0|0|
6J:0|0|0|0|
6K:0|0|0|0|
6L:0|0|0|0|
6M:0|0|0|0|
6N:0|0|0|0|
7A:0|0|0|0|
7B:0|0|0|0|
7C:0|0|0|0|
7D:0|0|0|0|
7E:0|0|0|0|
7F:0|0|0|0|
7G:0|0|0|0|
7H:0|0|0|0|
7I:0|0|0|0|
7J:0|0|0|0|
7K:0|0|0|0|
7L:0|0|0|0|
7M:0|0|0|0|
7N:0|0|0|0|
